(96891120368,17)
(96892084583,57)
(96892382504,98)
(96891211272,45)
(96898057366,200)
(96891150799,70)
(96893680939,85)
(96899117885,140)
(96890132213,47)
(96899257503,42)
(96891234897,57)
(96892792245,38)
(96893322734,132)
(96893388629,87)
(96899358037,78)
(96899605599,108)
(96892841559,68)
(96891901616,193)
(96892346317,119)
(96892806229,81)
(96899065855,47)
(96899854134,17)
(96898552512,28)
(96897030555,129)
(96892350380,15)
(96899388806,23)
(96898866335,43)
(96899474996,12)
(96898052038,49)
(96891153132,86)
(96892332440,60)
(96899795587,47)
(96898848053,17)
(96892083903,83)
(96892049151,69)
(96895055585,35)
(96892106989,19)
(96899238844,73)
(96893201625,100)
(96893517404,66)
(96892353449,47)
(96899822911,125)
(96895481860,133)
(96892930277,44)
(96899189272,161)
(96871977416,84)
(96899182988,122)
(96892284996,124)
(96899162684,77)
(96892345708,63)
(96892707138,37)
(96871916560,11)
(96898559085,17)
(96898268375,124)
(96892328512,27)
(96899705831,57)
(96899203733,41)
(96891228915,274)
(96892523782,30)
(96892694711,17)
(96891115120,105)
(96872116605,183)
(96891166770,184)
(96896329580,155)
(96892384538,33)
(96896011663,116)
(96892000100,222)
(96891913438,19)
(96893333732,49)
(96892198988,31)
(96891790156,17)
(96899449074,72)
(96899039220,190)
(96896099961,17)
(96899112164,65)
(96891389843,17)
(96898100119,162)
(96895353266,103)
(96897146972,99)
(96895262222,136)
(96891289521,28)
(96892300844,67)
(96899738378,13)
(96893958861,54)
(96897797969,103)
(96890945358,29)
(96891995903,3)
(96893561456,79)
(96871522534,28)
(96892403207,17)
(96899760444,112)
(96899680027,50)
(96892145233,48)
(96892307097,47)
(96890925673,17)
(96899173089,74)
(96871902710,28)
(96893204223,32)
(96891994762,32)
(96899317328,62)
(96898031603,43)
(96892230778,17)
(96891219591,36)
(96892867822,103)
(96899355699,96)
(96892088714,130)
(96890699862,29)
(96899242520,60)
(96891242664,146)
(96899783324,27)
